---Timestamp: 2025-09-04 23:44:29
Trial Number: 95
Value (Sortino Ratio): 1.7753
Params: 
  donchianLength: 12
  longTermSmaLen: 152
  rsiLenLong: 22
  rsiThLong: 65.51146591424036
  emaFastLength: 15
  smaSlowLength: 75
  rsiLenShort: 75
  rsiShortThresh: 51
  shortTPPct: 5.979261870564629
  shortSLPct: 5.581803178164256